100 100
259849 219945 244789 255618 260419 233756 244806 263005 255321 251188 213254 254870 218132 225356 224899 235287 238357 234476 283434 239654 232372 223491 246189 242542 229849 212535 239855 248210 275212 243340 236857 247381 245489 225505 261497 249800 238634 235813 217577 229164 239680 244283 247706 237396 205814 248919 227214 244573 235098 236387
225353 269313 257193 284803 233039 246104 231955 254106 258980 267512 235645 266489 275841 253933 256168 250781 208235 253388 251781 255390 272541 257737 253616 225603 225712 231479 242517 267564 256131 229168 243206 243924 258448 238964 235622 232068 255611 250734 237419 252038 227548 259165 261365 242980 225044 268797 261146 238829 275669 241705 282279 227857 252267 274999 271031 233052 242633 276706 251658 268206 222191 261614 247797 217445 248115 234519 244481 234996 264556 242051 249001 219946 239679 260027 251157 238707 261171 256391 288651 257141 256904 274565 259224 222273 278439 244916 248061 250765 217237 251331 232363 243924 273249 250160 222353 238325 231020 252157 230525 244256
249744 272815 284218 272801 267402 243183 233978 260804 281375 284513 254558 271728 262323 264185 277690 257870 235587 275689 248257 251133 291279 252657 244688 238576 261594 251342 232255 285252 280788 250957 249156 257664 266422 252597 241674 258778 252184 252936 222294 262253 239041 260230 266863 250689 249269 257835 261709 250137 298729 255014 267473 244595 267826 267267 278463 258276 258891 285827 273810 270642 216029 280073 255080 258036 259649 250504 261868 238192 282657 258323 250150 235170 249818 268785 259568 252683 276430 256377 289380 271310 255041 285724 278912 256883 291415 273318 260688 269939 237313 252563 251184 251079 280477 259471 225440 248988 245422 270449 223038 250818
226692 238788 247087 256345 221009 212052 218779 229008 233902 251251 210115 243123 241018 230698 224194 237038 219611 213369 233545 217673 239592 220540 224242 210564 218723 221916 219831 237543 228879 214326 248889 214291 241073 218370 207366 229239 236541 232619 195306 226861 228403 236809 242942 225596 214804 241168 235203 243055 249680 228717 265357 232040 234791 227248 253093 232258 227838 252169 227859 245227 218001 246568 230022 200370 218550 198708 221616 208568 244026 228866 245265 193474 242283 233736 236145 223379 247598 231155 229354 241176 236119 254508 235547 215242 245215 249413 216603 229787 217357 226217 207613 221462 258236 230572 216786 226950 202665 244943 222774 215037
255454 296071 267995 274498 274921 248797 257892 264431 282476 300920 257986 286172 280001 281429 279481 273070 236430 272038 277158 269925 287741 274887 267125 253478 265882 251618 251553 286186 286337 244060 266891 276243 287803 267240 249466 284016 275196 274778 245821 287547 246868 272125 281450 269603 256698 270295 268936 262174 290763 273205 294608 257905 281278 273489 298129 245149 277214 287068 271907 290986 242346 287481 265349 243489 253425 252780 261987 288018 308531 256408 262299 238447 280258 286194 276364 257216 300229 294104 300237 285713 272185 291137 268057 252707 305114 285686 267691 265483 262652 271213 277498 265255 304339 280119 228651 280424 254659 261832 242549 262362
241287 263944 255914 284526 247111 236974 248958 249558 276286 275463 248978 282995 283149 267676 264897 252672 243489 244195 264012 246481 267966 258977 265335 235632 245800 244887 242768 270218 252049 238626 270345 254448 286702 263344 238869 250291 249889 264053 231291 254104 241507 256783 270892 253273 241050 270576 264184 256352 279857 259195 280721 264693 272374 250839 278556 261385 246444 286359 269257 271685 223636 271183 251115 227259 254269 249305 248707 262921 272822 250426 268085 212812 272306 268714 257159 255235 267715 264532 274491 270830 258952 260454 267914 254897 275407 259222 263440 254198 253145 269299 239290 267318 282783 253978 230093 254347 245704 276494 225685 255962
206797 217013 202828 236356 230710 208525 192903 219119 238125 226602 209313 235099 234311 223960 233867 232705 199511 218556 202066 217421 234578 200171 204627 199231 206700 197263 217227 231603 218796 196213 218251 225592 240518 220039 207264 220127 206375 216500 191686 221400 195181 228284 220125 223858 190196 217195 223763 205178 242678 222648 226642 217547 232596 229760 238730 207230 224920 233064 221734 221041 204482 219338 208330 204459 208872 214124 224701 206830 236166 227200 215594 198589 225198 222053 222734 207432 230953 235770 242155 215995 211264 238199 231442 194850 243287 215552 222055 218870 212503 224829 208376 225591 225435 212726 189991 228931 203790 201352 200856 210700
237226 250789 255694 262166 264218 230816 236972 245652 261732 278544 240900 276519 248400 258249 255673 248811 223502 255130 256033 235465 272520 245652 232796 229831 244418 232116 228848 258135 248294 223439 245652 246878 264869 228758 220554 245222 241216 244918 214845 266417 220282 240856 240147 234506 242359 252236 250744 258187 275262 232580 258743 240226 261237 242891 251910 254756 228302 247720 253337 275177 227178 270827 237626 225222 232486 217166 226062 244236 267635 234001 256331 213343 256911 246901 240297 240628 262235 254644 260490 266980 256441 262254 255000 238503 275233 244358 252452 231471 236908 237555 221182 231120 272992 243343 218013 246052 241680 255135 237359 234871
241152 256179 261526 277102 257905 232471 229750 252598 271385 278884 247475 272217 272407 267926 273216 263004 230175 248073 259084 241205 284357 252322 243136 250607 252855 239511 246896 280956 266704 245004 249264 257450 265855 240746 244965 255796 261852 264996 237801 249260 226908 262987 278659 262794 243592 260583 267878 255123 284531 242961 292591 250947 251086 251123 276771 240556 266301 271418 261168 288118 221054 267045 239482 232701 233135 263155 255675 250844 281064 270563 250443 246209 264065 263219 255351 236395 258233 274144 286584 264070 244838 277201 265792 249772 282408 271872 254541 253704 245943 248084 240361 264517 279903 262721 220287 257059 232532 251575 241449 225781
230693 254543 257010 248734 250510 216392 230362 234988 261447 267019 218478 269182 264643 258827 242289 245894 212191 242013 259437 226023 277598 256740 234885 227328 263399 225826 234372 258885 242201 233345 249708 239250 265373 218622 219273 232189 244864 244779 224340 255168 226922 241794 248005 246928 225219 250774 235566 246704 261772 223700 272150 226398 261161 251383 275723 233043 238724 258885 253778 260170 205323 264105 242424 234755 221383 222037 236679 233679 262489 234360 249401 217374 240739 244898 251510 227974 254888 244008 276902 241150 232654 252428 262422 233587 263471 261900 229632 225773 222607 241966 234580 240304 270268 242458 212549 247514 242357 246221 227344 225647
244494 256906 259000 251521 249692 230514 221936 260255 261755 265365 237639 255472 271370 249434 254742 252404 225200 247065 260039 227441 277181 262353 237353 248795 246500 254324 228365 269057 271363 241696 250394 245653 254857 232521 228574 252805 258131 244332 230617 251582 240175 257699 258367 239056 240300 247866 252942 252824 272588 251204 272185 230519 252644 248571 279612 243572 261039 259322 257713 269576 217770 275245 232906 229945 230473 230657 238410 239871 281713 247564 244789 237051 240573 260172 261224 231155 268557 261961 267612 260210 246706 261270 272928 242676 277068 246465 248377 258170 220552 253877 246292 250471 270922 259336 231926 243654 228484 254473 213668 233476
217185 245100 226379 238055 241060 203626 206412 234485 243144 253814 190539 246810 261985 241104 238160 224832 210845 235465 238857 226197 248893 235638 243503 212772 224130 220469 222899 250775 228749 214280 233675 227327 254408 237357 213924 220607 237693 234648 216515 219442 220593 238846 238816 231644 215066 238734 220509 220669 251148 221308 254643 213800 243247 243905 248117 229253 208664 257396 236491 242494 223691 236459 237588 218167 214199 221912 235092 223708 252112 210470 238160 202161 242960 240050 231037 216901 240245 224263 259832 225970 232018 251766 242228 229807 258957 220461 222197 214564 211916 220944 224028 232594 232312 233665 200086 235202 212882 231251 221214 215012
234913 234223 241094 252681 231137 218366 210161 234193 248776 251823 238470 246815 247103 248048 249485 227203 209424 233888 246437 225243 272236 237735 221933 213054 233413 233317 214627 255497 244256 215802 231493 237010 242742 223426 225302 239845 240032 230756 220985 235677 216874 238787 246709 232944 215933 231839 237833 228151 263161 215302 248579 214531 231321 246582 268635 229801 245276 252522 236774 251872 200698 243032 230883 219809 230112 226442 235845 225529 260100 240281 247211 211866 240849 249596 242863 222811 249383 249152 269026 246808 236794 253656 239169 225186 265921 244245 233698 218827 209200 244977 223048 238089 246521 242093 215239 231819 205875 246486 208089 208649
